100
0 86
0 73
0 78
0 2
0 95
0 4
0 56
0 81
0 89
0 26
0 13
0 28
0 41
0 3
1 72
1 85
1 14
1 94
1 73
1 64
1 69
1 67
1 68
1 31
1 69
1 32
1 52
1 26
1 70
1 21
1 42
1 37
1 42
1 54
1 58
1 18
1 37
1 12
1 31
1 40
1 70
1 73
1 91
1 73
1 92
1 65
1 71
1 16
1 95
1 23
1 57
1 31
1 53
1 34
1 94
1 43
1 39
1 59
1 97
1 64
1 82
1 24
1 97
1 92
1 8
1 66
1 56
1 95
1 97
1 88
1 92
1 24
1 57
1 73
1 15
1 63
1 98
1 81
1 35
1 55
1 54
1 52
1 34
1 76
1 48
1 39
1 55
1 14
1 42
1 20
1 5
1 77
1 82
1 51
1 61
1 92
2 69
2 40
2 40
2 19
2 68
2 3
2 7
2 71
2 39
2 94
2 21
2 38
2 75
2 30
2 21
2 83
2 57
2 68
2 47
2 97
2 55
2 92
2 34
2 36
2 69
3 79
3 35
3 52
3 92
3 71
3 68
3 92
3 79
3 8
3 55
3 53
3 11
3 46
3 45
3 84
3 71
3 61
3 0
3 30
3 7
3 13
3 14
3 33
3 64
3 25
4 31
4 42
4 21
4 1
4 63
4 4
4 86
4 8
4 22
4 68
4 45
4 57
4 43
4 84
4 45
4 91
4 81
4 82
4 77
4 17
4 68
4 98
4 13
4 47
4 28
4 94
4 56
4 96
4 47
4 31
4 55
4 45
4 54
4 40
4 97
4 33
4 57
4 15
4 69
4 47
4 66
4 33
4 18
4 14
4 75
4 34
4 59
4 86
4 52
4 66
4 67
4 37
4 77
4 18
4 21
4 6
4 59
4 57
4 48
4 87
4 56
4 1
4 92
4 94
4 19
4 22
4 44
4 53
4 86
4 95
4 95
4 8
4 72
4 74
4 25
4 5
4 53
4 79
4 71
4 69
4 1
4 40
4 82
4 33
5 4
5 14
5 43
5 23
5 79
5 47
5 77
5 79
5 54
5 73
5 23
5 67
5 80
5 88
5 21
5 52
5 43
5 2
5 80
5 2
5 38
5 30
5 24
5 48
5 90
6 30
6 91
6 71
7 54
7 10
7 83
7 58
7 25
7 97
7 20
7 51
7 25
7 31
7 97
7 8
7 14
7 34
7 27
7 16
7 43
7 22
7 23
7 42
7 57
7 79
7 38
7 65
7 50
7 95
7 6
7 72
7 89
7 61
7 90
7 65
7 23
7 74
7 63
7 56
7 51
7 72
7 7
7 62
7 67
7 73
7 74
7 48
7 27
7 41
7 54
7 56
7 61
7 0
7 88
7 82
7 95
7 57
7 78
7 25
7 36
7 3
7 47
7 27
7 43
7 38
7 3
7 11
7 95
7 12
7 86
8 30
9 38
9 72
9 94
9 28
10 70
10 83
10 73
10 29
10 16
10 81
10 71
10 57
10 66
10 23
10 54
10 97
10 87
10 94
10 48
10 90
10 95
10 53
10 38
10 91
10 55
10 75
10 45
10 81
10 32
10 10
10 6
10 96
10 41
10 74
10 52
10 21
10 3
10 11
10 76
10 80
10 70
10 56
10 50
10 68
10 38
10 10
10 29
10 84
10 32
10 71
10 36
10 8
10 25
10 87
10 96
10 28
10 12
10 58
10 99
10 3
10 16
10 45
10 90
10 59
10 98
10 42
10 1
10 72
10 34
10 70
10 74
10 30
10 66
10 64
10 25
10 72
10 5
10 77
10 64
10 78
10 92
10 95
10 36
10 32
10 59
10 94
10 24
10 33
10 67
10 54
10 25
10 55
10 45
10 48
10 91
10 36
10 16
10 77
11 95
11 75
11 34
11 40
11 92
11 18
11 24
11 41
11 30
11 72
11 87
11 5
11 14
11 73
12 68
12 83
12 12
12 24
12 39
12 95
12 9
12 72
12 16
12 48
12 87
12 29
12 71
12 66
12 80
12 39
12 51
12 17
12 52
12 64
13 34
13 57
13 93
13 60
13 65
13 81
13 27
13 21
13 30
13 30
13 7
13 25
13 52
13 30
13 88
13 52
13 16
13 57
13 8
13 69
13 57
13 80
13 76
13 95
13 45
13 27
13 30
13 29
13 38
13 84
13 50
13 62
13 82
13 71
13 95
13 76
13 94
13 14
13 28
13 69
13 23
13 11
13 32
13 48
13 39
13 71
13 75
13 89
13 88
13 50
13 23
13 73
13 62
13 76
13 7
13 46
13 95
13 62
13 35
13 91
14 20
14 24
14 3
14 12
14 90
14 21
14 37
14 15
14 34
14 23
14 87
14 28
14 97
14 94
14 13
14 4
14 27
14 73
14 62
14 53
14 44
14 43
14 99
14 93
14 55
14 60
14 92
14 50
14 49
14 40
14 76
14 34
14 56
14 62
14 0
14 66
14 18
14 7
14 16
14 16
14 90
14 57
14 50
14 85
14 91
14 33
14 31
14 51
14 32
14 61
14 58
14 40
14 45
14 3
14 39
14 97
14 4
14 0
14 80
14 48
14 54
14 23
14 21
14 70
14 86
14 10
14 72
14 65
14 77
14 10
14 45
14 77
14 10
14 78
14 25
14 65
14 51
14 98
14 70
14 45
14 90
14 89
14 30
14 25
14 97
14 80
14 77
15 9
15 3
15 91
15 70
15 25
15 20
15 11
15 45
15 49
15 43
15 2
15 94
15 85
15 75
15 18
15 4
15 25
15 84
15 34
15 99
15 44
15 96
15 47
15 61
15 21
15 68
15 46
15 70
15 29
15 81
15 70
15 30
15 80
15 7
15 11
15 94
15 45
15 97
15 8
15 94
15 61
15 3
15 15
15 6
15 10
15 23
15 71
15 11
15 31
15 4
15 11
15 2
15 88
15 18
15 25
15 74
15 76
15 24
15 1
15 58
15 65
15 75
15 98
15 88
15 39
15 17
15 23
15 10
15 91
15 36
15 15
15 42
15 77
15 22
15 94
15 60
15 3
15 8
15 97
15 36
16 62
16 12
16 56
16 77
16 77
16 68
16 16
16 55
16 7
16 19
16 1
16 14
16 4
16 68
16 80
16 26
16 88
16 63
16 11
16 68
16 13
16 16
16 23
16 96
16 71
16 60
16 78
16 55
16 52
16 3
16 75
16 43
16 79
16 87
16 86
16 39
17 51
17 85
17 24
17 69
17 6
17 76
17 23
17 74
17 58
17 24
17 64
17 79
17 78
17 13
17 10
17 78
17 54
17 92
17 41
17 21
17 76
17 30
17 36
17 33
17 53
17 62
18 32
18 44
18 60
18 99
18 29
18 70
18 97
18 17
18 85
18 22
18 77
18 64
18 6
18 55
18 6
18 24
18 43
18 26
18 83
18 78
18 41
18 83
18 74
18 60
18 25
18 18
18 83
18 44
18 44
18 15
18 67
18 45
18 0
18 5
18 35
18 15
18 77
18 2
18 54
18 1
18 33
18 52
18 60
18 18
18 94
18 66
18 32
18 44
18 80
18 40
18 70
18 86
18 17
18 38
18 44
18 24
18 8
18 31
18 25
18 92
18 3
18 44
18 52
18 60
18 41
18 42
18 89
18 76
18 52
18 65
18 13
18 63
18 36
18 28
18 93
18 24
18 12
18 67
18 26
18 99
18 28
18 31
18 63
18 93
18 34
18 97
18 10
18 89
18 4
19 12
19 42
19 79
19 37
19 85
19 84
19 25
19 14
19 5
19 1
19 82
19 90
19 5
19 66
19 28
19 83
19 94
19 33
19 30
19 91
19 42
19 41
19 92
19 92
19 15
19 44
19 8
19 82
19 23
19 0
19 34
19 68
19 36
19 61
19 31
19 57
19 74
19 57
19 11
19 17
19 39
19 0
19 64
19 94
19 65
19 73
19 67
19 11
19 25
19 68
19 0
19 0
19 57
19 77
19 39
19 99
19 65
19 67
19 70
19 49
19 37
19 72
19 67
19 95
19 4
19 4
19 82
19 9
19 8
19 54
19 8
19 94
19 81
20 42
20 61
20 60
20 19
20 60
20 71
20 76
20 90
20 61
20 2
20 93
20 69
20 59
20 52
20 2
20 95
20 29
20 96
20 37
20 58
20 66
20 15
20 84
20 86
20 34
20 74
20 38
20 56
20 72
20 93
20 55
20 42
20 48
20 85
20 7
20 0
20 35
20 47
20 43
20 72
20 13
20 5
20 85
20 20
20 86
20 52
20 9
20 6
20 64
20 72
20 33
20 31
20 20
20 71
20 93
20 94
20 41
20 95
20 14
20 58
20 47
20 26
20 2
20 73
20 38
20 83
20 2
20 75
20 71
20 85
20 83
20 32
20 70
20 59
20 35
20 3
20 21
20 63
20 0
20 51
20 98
20 53
20 83
20 53
20 51
20 27
20 98
20 86
20 90
20 0
20 33
20 12
21 40
21 42
21 92
21 30
21 58
21 77
21 50
21 96
21 92
21 42
21 25
21 46
21 81
21 22
21 64
21 72
21 74
21 27
21 50
21 30
21 24
21 73
21 25
21 48
21 32
21 33
21 43
21 9
21 45
21 88
21 32
21 82
21 57
21 79
21 14
21 42
21 98
21 85
21 19
21 74
21 64
21 92
21 54
21 25
21 88
21 19
21 56
21 68
21 1
21 63
21 17
21 2
21 77
21 57
21 12
21 98
21 32
21 12
21 0
21 57
21 72
21 34
21 2
21 54
21 47
21 7
21 95
21 41
21 37
21 71
21 73
21 38
21 48
21 10
21 19
21 77
21 51
21 43
21 46
21 66
22 48
22 80
22 69
22 70
22 43
22 74
22 9
22 71
22 65
22 16
22 11
22 40
22 53
22 90
22 91
22 27
22 40
22 95
22 90
23 69
23 9
23 58
23 58
23 43
23 2
23 10
23 17
23 88
23 21
23 80
23 4
23 61
23 41
23 54
23 79
23 78
23 43
23 52
23 23
23 20
23 60
23 3
23 13
23 26
23 64
23 76
23 74
23 43
23 51
23 26
23 90
23 34
23 23
23 2
23 48
23 10
23 75
23 56
23 80
23 35
23 64
23 20
23 22
23 80
23 55
23 24
23 9
23 74
23 51
23 94
23 27
23 40
23 40
23 0
23 98
23 82
23 33
23 6
23 54
23 13
24 48
24 20
24 61
24 44
24 11
24 61
24 83
25 25
25 59
25 51
25 99
25 90
25 75
25 22
25 9
25 33
25 61
25 30
25 48
25 85
25 2
25 79
25 63
25 34
25 73
25 85
25 93
25 89
25 54
25 97
25 83
25 49
25 1
25 57
25 73
25 12
25 28
25 31
25 12
25 9
25 74
25 67
25 83
25 55
26 99
26 14
26 34
26 34
26 5
26 52
26 84
26 41
26 60
26 85
26 96
26 17
26 71
26 12
26 87
26 36
26 7
26 34
26 80
26 14
26 93
26 4
26 62
26 86
26 33
26 36
26 63
26 31
26 78
26 24
26 83
26 38
26 93
26 82
26 90
26 62
26 85
26 26
26 1
26 10
27 1
27 6
27 21
27 1
27 22
27 66
27 40
27 26
27 98
27 64
27 12
27 36
27 0
27 78
27 3
27 48
27 63
27 69
27 25
27 58
27 97
27 42
27 13
27 96
27 40
27 22
27 6
27 40
27 15
27 71
27 32
27 49
27 60
27 98
27 29
27 72
27 29
27 50
27 74
27 89
28 23
28 4
28 95
28 63
28 58
28 26
28 91
28 49
28 50
28 99
28 8
28 7
28 0
28 7
28 58
28 20
29 55
29 13
29 30
29 71
29 33
29 55
29 65
29 76
29 59
29 7
29 93
29 0
29 26
29 47
29 10
29 3
29 58
29 48
29 25
29 68
29 49
29 68
29 96
29 25
29 81
29 25
29 35
29 97
29 15
29 90
29 52
29 59
29 4
29 26
29 22
29 99
29 79
29 95
29 51
29 13
29 63
29 62
29 95
29 59
29 16
29 2
29 37
29 81
29 47
29 50
29 9
29 30
29 90
29 5
29 75
29 80
29 39
29 80
29 49
29 60
29 5
29 69
29 12
29 24
29 46
29 17
29 13
29 48
29 20
29 4
29 26
29 69
29 82
29 79
29 68
29 97
29 34
29 70
29 37
29 51
29 90
29 95
29 26
29 12
29 2
29 89
29 69
29 6
29 15
29 75
29 67
29 19
29 78
31 1
31 57
31 87
31 26
31 52
31 60
31 14
31 68
31 26
31 59
31 1
31 22
31 16
31 9
31 37
31 11
31 5
31 63
31 76
31 81
31 37
31 12
31 64
31 7
31 67
31 26
31 18
31 70
31 6
31 13
31 47
31 17
31 17
31 73
31 13
31 3
31 95
31 63
31 38
31 24
31 31
31 76
31 53
31 8
31 74
31 5
31 69
31 59
31 95
31 68
31 89
31 80
31 24
31 55
31 61
31 81
31 19
31 76
31 60
31 95
32 46
32 18
32 87
32 67
32 97
32 13
32 55
32 27
32 49
32 19
32 39
32 3
32 11
32 57
32 25
32 39
32 50
32 91
33 36
33 62
33 28
33 21
33 31
33 65
33 18
33 99
33 65
33 71
33 67
33 86
33 75
33 53
33 32
33 4
33 29
33 26
33 99
33 94
33 6
33 86
33 92
33 31
33 15
33 7
33 43
33 33
33 60
33 60
33 94
33 38
33 89
33 11
33 75
33 1
33 1
33 48
33 69
33 58
33 75
33 45
33 21
33 22
33 76
33 41
33 14
33 84
33 89
33 80
33 9
33 5
33 53
33 36
33 23
33 59
33 9
33 84
33 59
33 14
33 74
33 25
33 31
33 23
33 66
33 47
33 4
33 91
33 70
33 91
33 2
33 26
33 25
33 86
33 92
33 34
33 51
33 14
33 13
33 12
33 20
33 40
33 3
33 68
33 26
33 93
34 69
34 52
34 53
34 89
34 92
34 52
34 12
34 32
34 2
34 94
34 52
34 25
34 18
34 40
34 94
34 25
34 4
34 78
34 86
34 66
34 52
34 14
34 43
34 77
34 90
34 43
34 96
34 81
34 51
34 39
34 3
34 37
34 95
34 14
34 21
34 67
34 34
34 28
34 52
34 52
34 9
34 26
34 21
34 8
34 33
34 56
34 57
35 39
35 81
35 19
35 87
35 90
35 48
35 89
35 88
35 93
35 16
36 98
36 55
36 89
36 71
36 88
36 39
36 8
36 39
36 97
36 70
36 1
36 71
36 16
36 77
36 28
36 71
36 90
36 63
36 46
36 53
36 70
36 93
36 52
36 39
36 40
36 11
36 51
36 42
36 92
36 93
36 55
36 73
36 68
36 89
36 93
36 88
36 24
36 58
36 39
36 47
36 30
36 19
36 30
36 17
36 40
36 94
36 14
36 1
36 15
36 18
36 82
36 39
36 92
36 45
36 15
36 68
36 7
36 31
36 44
36 20
36 95
36 46
36 90
36 20
36 53
36 53
36 76
36 22
36 36
36 20
36 93
36 8
36 23
36 73
36 72
36 83
36 59
37 63
37 3
37 57
37 76
37 58
37 54
37 11
37 74
37 50
37 63
37 1
37 88
37 43
37 63
37 78
37 78
37 27
37 84
37 83
37 24
37 18
37 22
37 77
37 4
37 47
37 17
37 30
37 99
37 89
37 43
37 56
37 88
37 58
37 40
37 21
37 82
37 1
37 87
37 15
37 25
37 7
37 17
37 10
37 44
37 98
37 7
37 53
37 36
37 66
37 96
37 77
37 13
37 87
37 4
37 62
37 60
37 91
37 60
37 18
37 66
37 9
37 13
37 10
37 17
37 96
37 35
37 64
37 79
37 89
37 87
37 19
37 54
37 92
37 84
37 12
37 82
37 43
37 79
37 12
37 28
37 67
37 92
37 4
37 94
37 52
37 68
37 52
37 38
37 79
37 3
37 69
37 15
37 80
37 37
38 62
38 6
38 49
38 98
38 98
38 2
38 34
38 40
38 24
38 51
38 8
38 77
38 17
38 4
38 22
38 73
38 18
38 87
38 34
38 99
38 82
38 20
38 50
38 19
38 29
38 60
38 20
38 38
38 23
38 2
38 69
38 71
38 78
38 79
38 71
38 18
38 7
38 65
38 33
38 72
38 56
38 40
38 81
38 67
38 97
38 35
38 39
38 94
38 49
38 24
38 49
38 51
38 72
38 66
38 10
38 10
38 35
38 49
38 81
38 53
38 30
38 12
38 33
38 87
38 80
38 11
38 46
38 67
38 20
38 94
38 23
38 52
38 96
38 46
38 63
38 33
38 22
38 73
38 27
38 30
38 34
38 76
38 54
39 86
39 94
39 39
39 30
39 10
40 47
40 23
40 23
40 51
40 16
40 10
40 3
40 53
40 69
40 61
40 24
40 7
40 49
40 33
41 48
41 34
41 61
41 8
41 40
41 47
41 78
41 27
41 42
41 61
41 98
41 68
41 46
41 99
41 51
41 56
41 83
41 15
41 53
41 43
41 58
41 11
42 99
42 1
42 96
42 80
42 69
42 46
42 39
42 7
42 66
42 43
42 86
42 55
42 24
42 90
42 36
42 93
42 46
42 10
42 13
42 14
42 43
42 40
42 67
42 18
42 58
42 56
42 18
42 59
42 25
42 36
42 82
42 65
42 37
42 26
42 83
42 90
42 9
42 30
42 70
42 76
42 94
42 48
42 89
42 96
42 9
42 39
42 45
42 80
42 20
42 85
42 91
42 2
42 50
42 92
42 62
42 0
42 39
42 85
42 55
42 19
42 26
42 52
42 11
42 26
42 90
42 70
42 92
42 62
42 15
42 25
42 19
42 92
42 46
42 19
42 29
42 70
42 66
42 74
42 29
42 59
42 40
42 26
42 58
42 21
42 94
42 55
42 23
42 43
42 87
42 26
42 13
42 7
42 9
42 79
42 43
42 80
42 46
42 10
42 9
43 33
43 85
43 96
43 83
43 23
43 53
43 38
43 52
43 83
43 36
43 52
43 13
43 60
43 9
43 53
43 66
43 51
43 80
43 49
43 6
43 83
43 2
43 25
43 74
43 2
43 64
43 53
43 16
43 88
43 73
43 95
43 69
43 33
43 82
43 99
43 15
43 2
43 45
43 39
43 83
43 18
43 84
43 25
43 84
43 35
43 15
43 52
43 24
43 32
43 25
43 97
43 36
43 8
43 44
43 52
43 89
43 64
43 54
43 38
43 20
43 83
43 45
43 55
43 63
44 90
44 83
44 88
44 4
44 62
44 79
44 20
44 25
44 74
44 10
44 43
44 10
44 24
44 44
44 97
44 20
44 48
44 67
44 31
44 47
44 93
44 52
44 39
44 42
44 79
44 6
44 11
44 50
44 61
44 54
44 33
44 28
44 21
44 70
45 82
45 31
45 68
45 59
45 62
45 84
45 1
45 70
45 70
45 52
45 83
45 28
45 61
45 57
45 83
45 9
45 84
45 79
45 83
45 94
45 3
45 58
45 5
45 97
45 24
45 83
45 40
45 62
45 82
45 70
45 61
45 58
45 73
45 97
45 55
45 93
45 20
45 78
45 61
45 70
45 25
45 31
45 10
45 5
45 18
45 11
45 72
45 23
45 37
45 1
45 26
45 28
45 83
45 64
45 26
45 48
46 76
46 6
46 78
46 78
46 9
46 72
46 55
46 44
46 7
46 68
46 6
46 95
46 92
46 19
46 83
46 94
46 96
46 74
46 79
46 66
46 11
46 85
46 47
46 81
46 45
46 81
46 87
46 66
46 27
46 33
46 27
46 96
47 88
47 40
47 13
47 54
47 7
47 10
47 1
47 33
47 51
47 43
47 34
47 10
47 76
47 91
47 27
47 55
47 49
47 15
47 24
47 57
47 9
47 39
47 72
47 6
47 54
47 64
48 88
48 38
48 37
48 2
48 75
48 1
48 18
48 91
48 36
48 33
48 40
48 20
48 62
48 99
48 49
48 59
48 73
48 52
48 12
48 64
48 27
48 40
48 14
48 5
48 48
48 87
48 43
48 30
48 10
48 52
48 7
48 5
48 37
48 83
48 18
48 34
48 88
48 59
48 76
48 33
48 43
48 3
48 26
48 28
49 61
49 67
49 7
49 37
49 19
49 26
49 86
49 94
49 25
49 41
49 79
49 36
49 55
49 29
49 16
49 94
49 1
49 64
49 1
49 31
49 5
49 18
49 85
49 34
49 44
49 86
49 85
49 15
49 91
49 47
49 25
49 80
49 8
49 7
49 52
49 13
49 95
49 53
49 21
49 23
49 16
49 83
49 61
49 21
49 98
49 66
49 11
49 6
49 53
49 75
49 74
49 68
49 85
49 96
49 31
49 10
49 93
49 87
49 87
49 76
49 49
49 6
49 4
49 44
49 25
49 9
49 36
49 28
49 12
49 36
49 76
49 34
49 52
49 89
49 4
49 89
49 3
50 73
50 24
50 16
50 62
50 93
50 3
50 72
50 17
50 6
50 69
50 21
50 20
50 60
50 70
50 81
50 12
50 93
50 80
51 59
51 38
51 1
51 87
51 72
51 22
51 26
52 95
52 46
52 37
52 88
52 69
52 99
52 1
52 45
52 92
52 18
52 39
52 44
52 53
52 77
52 9
52 83
52 81
52 86
52 40
52 71
52 65
52 28
52 46
52 66
52 86
52 27
52 4
52 89
52 58
52 80
52 1
52 62
52 46
52 82
52 23
52 76
52 81
52 78
52 53
52 0
52 36
52 68
52 62
52 62
52 46
53 9
53 61
53 48
53 53
53 69
53 67
53 65
53 69
53 61
53 29
53 3
53 91
53 54
53 27
53 32
53 65
53 11
53 66
53 80
53 8
53 43
53 94
53 84
53 48
53 28
53 16
53 45
53 49
53 64
53 3
53 30
53 18
53 61
53 12
53 45
53 57
53 31
53 48
53 39
53 64
53 40
53 56
53 94
53 11
53 20
53 63
53 35
53 82
53 74
53 30
53 71
53 55
53 37
53 25
53 36
53 76
53 31
53 57
53 30
53 73
53 18
53 23
53 27
53 23
53 47
53 79
53 66
53 76
53 12
53 26
53 2
53 39
53 49
53 38
53 42
53 56
53 7
53 25
53 46
53 64
53 87
53 63
53 89
54 76
54 35
54 65
54 4
54 34
54 77
54 41
54 68
54 61
54 48
54 54
54 7
54 82
54 51
54 72
54 37
54 6
54 97
54 49
54 80
54 0
54 18
54 60
54 86
54 47
54 57
54 54
54 12
54 65
54 49
54 8
54 63
54 83
54 97
54 1
54 51
54 27
54 13
54 22
54 45
54 49
54 94
54 97
54 70
54 84
54 81
54 23
54 31
54 59
54 43
54 12
54 84
54 9
54 40
54 77
54 17
54 79
54 59
54 87
54 97
54 36
54 58
54 32
54 50
54 40
54 48
54 97
54 91
54 24
54 94
54 56
54 49
54 5
54 72
54 76
54 89
54 17
54 47
54 19
54 15
55 75
55 64
55 76
55 53
55 20
55 8
55 88
55 91
55 76
55 44
55 69
55 41
55 7
55 72
55 69
55 17
55 79
55 56
55 95
55 94
55 7
55 89
55 68
55 95
55 21
55 55
55 32
55 94
55 13
55 93
55 0
55 55
55 6
55 18
55 39
55 31
55 96
55 10
55 32
55 94
55 8
55 72
55 62
55 81
55 47
55 54
55 81
55 31
55 30
55 32
55 86
56 30
56 36
56 23
56 16
56 63
56 4
56 10
56 98
56 52
56 88
56 28
56 35
56 56
56 30
56 21
56 90
56 45
56 90
56 3
56 72
56 83
56 97
56 31
56 68
56 87
56 90
56 94
56 52
56 72
56 60
56 44
56 91
56 25
56 39
56 27
56 1
56 42
56 12
56 17
56 53
56 57
56 70
56 45
56 72
56 37
56 38
57 39
57 84
57 73
57 11
57 27
57 28
57 0
57 5
57 95
57 20
57 50
57 6
57 49
57 24
57 25
57 18
57 56
57 94
57 87
57 50
57 66
57 70
57 13
57 85
57 39
57 89
57 96
57 84
57 73
57 87
57 86
57 92
57 58
57 47
57 40
57 17
57 19
57 63
57 78
57 68
57 64
57 28
57 16
57 66
57 22
57 47
57 30
57 15
57 86
57 96
57 23
57 35
57 2
57 14
57 15
57 11
57 19
57 77
57 40
57 36
57 7
57 66
57 94
57 10
57 86
57 17
57 63
57 22
57 39
57 73
57 16
57 10
57 78
57 30
57 61
57 74
57 91
57 91
58 19
58 90
58 12
58 97
58 90
58 92
59 12
59 39
59 66
59 51
59 56
59 98
59 63
59 81
59 50
59 34
59 39
59 44
59 78
59 79
59 82
59 17
59 79
59 69
59 89
59 40
59 95
59 35
59 3
59 37
59 58
59 76
59 64
59 82
59 66
59 38
59 49
59 27
59 64
59 36
59 52
59 4
59 69
59 97
59 91
59 95
59 84
59 62
59 76
59 7
59 53
59 18
59 16
59 68
59 57
59 11
59 12
59 61
59 74
59 37
59 88
59 64
59 74
59 46
59 47
59 1
59 4
59 25
59 61
59 38
59 2
59 86
59 85
59 99
59 13
59 21
59 93
59 35
59 18
59 3
59 19
59 9
59 71
59 28
59 83
59 69
59 59
59 5
59 75
59 14
59 77
59 82
59 22
59 46
59 37
59 54
59 47
59 61
60 53
60 82
60 85
60 29
60 86
60 34
60 74
60 27
60 99
60 27
60 7
60 63
60 3
60 78
60 5
60 94
61 52
61 62
61 31
61 90
61 39
61 46
61 58
61 94
61 15
61 41
61 60
61 87
61 99
61 21
61 57
61 90
61 72
61 46
61 80
61 54
61 48
61 9
61 7
61 73
61 30
61 76
61 4
61 12
61 11
61 37
61 74
61 33
61 15
61 62
61 56
61 16
61 84
61 18
61 82
61 88
61 37
61 0
61 34
61 66
61 48
61 48
61 57
61 45
61 27
61 7
61 14
61 31
61 62
61 11
61 62
61 21
61 95
61 90
61 72
61 44
61 84
61 72
61 61
61 3
61 7
61 50
61 15
61 76
61 70
61 2
61 57
61 98
61 28
61 35
61 88
61 2
61 76
61 97
61 40
61 58
61 35
61 41
61 75
62 74
62 11
62 72
62 85
62 97
62 73
62 80
62 14
62 82
62 4
62 60
62 74
62 14
62 72
62 3
62 22
62 7
62 89
62 68
62 27
62 53
62 77
62 11
62 65
62 72
62 30
62 64
62 28
62 26
62 3
62 26
62 93
62 78
62 44
62 35
62 66
62 58
62 17
62 1
62 99
62 74
62 15
62 47
62 45
62 0
62 17
62 68
62 59
62 60
62 44
62 16
62 9
62 43
63 23
63 36
63 30
63 32
63 50
63 60
63 38
63 60
63 15
63 57
63 35
63 26
63 1
63 24
63 33
63 54
63 91
63 4
63 68
63 78
63 94
63 49
63 81
63 96
63 48
63 81
63 64
63 1
63 84
63 57
63 8
64 31
64 36
64 82
64 43
64 60
64 62
64 97
64 36
64 45
64 92
64 17
64 9
64 95
64 25
64 77
64 8
64 79
64 83
64 24
64 16
64 84
64 64
64 55
64 18
64 35
64 35
64 51
64 35
64 74
64 94
64 22
64 36
64 25
64 50
64 11
64 40
64 21
64 99
64 54
64 17
64 83
64 66
64 47
64 61
64 52
64 52
64 18
64 32
64 36
64 41
64 6
64 79
64 18
64 39
64 56
64 27
64 44
64 87
64 68
64 31
64 44
64 1
64 37
65 69
65 43
65 23
65 26
66 47
66 59
66 41
66 86
66 12
66 88
66 42
66 77
66 27
66 12
66 70
66 34
66 60
66 20
66 65
66 85
66 2
66 73
66 4
66 95
66 10
66 25
66 14
66 11
66 34
66 82
66 77
66 7
66 59
66 14
66 68
66 75
66 78
66 75
66 2
66 23
66 94
66 42
66 17
66 51
66 76
66 25
66 0
66 41
66 45
66 89
66 45
66 55
66 95
66 94
66 8
66 61
66 57
66 19
66 78
66 84
66 62
66 28
66 87
67 82
67 7
67 65
67 70
67 2
67 63
67 50
67 38
67 73
67 22
67 93
67 99
67 2
67 70
67 77
67 17
67 22
67 45
67 24
67 35
67 97
67 39
67 40
67 2
67 84
67 62
67 56
67 89
67 51
67 52
67 96
67 61
67 76
67 68
67 33
67 46
67 56
67 66
67 45
67 19
67 3
67 58
67 94
67 29
67 94
67 45
67 30
67 94
67 36
67 63
67 55
67 74
67 99
67 26
67 78
67 46
67 78
67 48
67 10
67 7
67 16
67 36
67 67
67 34
67 86
67 18
67 68
67 0
67 81
68 31
68 62
68 84
68 97
68 29
68 16
68 58
68 54
68 97
68 93
68 30
68 82
68 57
68 80
68 63
68 12
68 72
68 60
68 33
68 93
68 80
68 98
68 76
68 57
68 78
68 29
68 18
68 82
68 23
68 53
68 68
68 45
68 41
69 2
69 16
69 15
69 56
69 6
69 83
69 74
69 22
69 48
69 48
69 94
69 25
69 87
69 41
69 19
69 59
69 20
69 70
69 79
69 13
69 35
69 3
69 27
69 27
69 15
69 9
69 80
69 58
69 19
69 45
69 60
69 40
69 32
69 64
69 20
69 11
69 19
69 35
69 20
69 12
69 58
69 90
69 85
69 94
69 84
69 39
69 75
69 17
69 34
69 74
69 14
69 70
69 96
69 58
69 26
69 75
69 1
69 77
69 55
69 21
69 25
69 56
69 80
69 99
69 67
69 80
69 9
69 89
69 5
69 71
69 19
69 0
69 38
69 64
69 88
69 94
69 25
69 39
69 42
69 70
69 76
69 98
70 75
70 15
70 7
70 32
70 51
70 53
70 96
70 78
70 5
70 19
70 89
70 20
70 25
70 44
70 90
70 96
70 60
70 78
70 29
70 44
70 23
70 18
70 64
70 93
70 91
70 18
70 76
70 19
70 60
70 41
70 8
70 47
70 23
70 62
70 91
70 96
70 74
70 78
70 85
70 82
70 14
70 58
70 82
70 55
70 59
71 84
71 0
71 10
71 48
71 29
71 35
71 23
71 89
71 8
71 45
71 68
71 60
71 11
71 85
71 47
71 99
71 71
71 96
71 85
71 15
71 14
71 88
71 53
71 58
71 77
71 46
71 14
71 15
71 77
71 18
71 89
71 83
71 35
71 16
71 15
71 81
71 61
71 77
71 23
71 96
71 86
71 49
71 62
71 40
71 95
71 88
71 27
71 34
71 81
71 11
71 66
71 15
71 64
71 63
71 95
72 87
72 86
72 16
72 96
73 58
73 92
73 33
73 38
73 88
73 79
73 50
73 37
73 29
73 32
73 88
73 66
73 97
73 37
73 68
73 10
73 89
73 38
73 10
73 87
73 74
73 86
73 0
73 66
73 47
73 52
73 83
73 17
73 48
73 59
73 49
73 66
73 65
73 68
73 41
73 19
73 50
73 63
73 53
73 2
73 45
73 93
73 24
73 44
73 54
73 95
73 59
73 68
73 23
73 28
73 53
73 2
73 77
73 73
73 43
73 40
73 48
73 55
73 10
73 4
73 60
73 67
73 30
73 82
73 50
73 3
73 48
73 87
73 42
73 10
73 45
73 19
73 47
73 12
73 71
73 11
73 80
73 69
73 27
73 58
73 17
73 97
73 56
74 63
74 86
74 10
74 89
74 37
74 27
74 54
74 69
74 48
74 45
74 0
74 75
74 19
74 14
74 36
74 8
74 24
74 15
74 19
74 48
74 56
74 94
74 2
74 37
74 21
74 7
74 32
74 24
74 21
74 1
74 84
74 8
74 55
74 49
74 95
74 76
74 92
74 44
74 26
74 39
74 87
74 67
74 48
74 35
74 80
74 61
74 37
74 47
74 27
74 21
74 69
74 0
74 87
74 80
74 13
74 0
74 54
74 58
74 50
74 43
74 8
74 69
74 61
74 80
74 65
74 28
74 98
74 58
74 76
74 85
74 23
74 2
74 99
74 81
74 7
74 76
74 14
74 23
74 74
74 21
74 44
74 17
74 86
74 20
74 1
74 72
74 20
74 20
74 32
75 87
75 70
75 0
75 35
75 57
75 7
75 20
75 57
75 18
75 89
75 81
75 51
75 23
75 91
75 48
76 12
76 14
76 31
76 47
76 49
76 86
76 13
76 98
76 23
76 60
76 74
76 66
76 28
76 46
76 17
76 64
76 11
76 76
76 95
76 58
76 85
76 7
76 68
76 5
76 62
76 62
76 85
76 21
76 53
76 84
76 49
76 21
76 54
76 29
76 25
76 32
76 85
76 60
76 90
76 77
76 27
76 72
76 60
76 80
76 19
76 86
76 52
76 97
76 2
76 81
76 68
76 28
76 94
76 23
76 89
76 29
76 24
76 93
76 47
76 6
76 26
76 86
76 41
76 37
76 90
76 34
76 56
76 61
76 78
76 77
76 22
76 75
76 68
76 18
76 8
76 72
76 30
76 10
76 29
76 99
76 55
76 67
76 29
77 75
77 66
77 89
77 61
77 82
77 62
77 80
77 64
77 29
77 86
77 88
77 60
77 31
77 85
77 29
77 24
77 76
77 61
77 44
78 95
78 31
78 67
78 28
78 52
78 31
78 86
78 96
78 82
78 98
78 64
78 54
78 35
78 87
78 43
78 6
78 28
78 75
78 43
78 30
78 2
78 25
78 75
78 20
78 51
78 79
78 64
78 97
78 28
78 84
78 53
78 13
78 30
78 26
78 2
78 62
78 18
78 88
78 42
78 7
78 63
78 69
78 38
78 83
78 41
78 27
78 35
78 52
78 20
78 19
78 63
78 46
78 36
78 34
78 19
78 78
78 40
78 26
78 46
78 14
78 48
78 9
78 32
78 28
78 69
78 35
78 39
78 53
78 72
78 24
78 1
78 11
78 16
78 60
78 90
78 85
78 24
78 86
78 63
78 14
78 60
78 94
78 94
78 84
79 2
79 86
79 7
79 51
79 95
79 39
79 61
79 60
79 6
79 85
79 35
79 23
79 75
79 13
79 84
79 66
79 34
79 50
79 77
79 55
79 40
79 71
79 4
79 94
79 30
79 14
79 0
79 0
79 78
79 82
79 38
79 48
79 14
79 79
79 63
79 39
79 58
79 43
79 27
79 47
79 54
79 34
79 4
79 76
79 2
79 2
79 22
79 91
79 49
79 73
79 42
79 51
79 53
79 12
79 12
79 36
79 94
79 98
79 68
79 40
79 11
79 18
79 58
79 44
79 75
79 90
79 76
79 81
79 81
79 95
79 69
79 99
80 12
80 68
80 29
80 70
80 12
80 67
80 94
80 10
80 48
80 65
80 26
80 44
80 63
80 41
80 72
80 38
80 62
80 34
80 16
80 24
80 32
80 26
80 88
80 21
80 45
80 60
80 71
80 23
80 15
80 3
80 67
80 60
80 17
80 32
80 2
80 40
80 41
80 45
80 57
80 7
80 37
80 66
80 98
80 78
80 97
80 28
80 73
80 74
80 4
80 49
80 60
80 48
80 49
80 62
80 74
80 93
80 59
80 66
80 51
80 92
80 73
80 15
80 89
80 47
80 54
80 44
80 87
80 70
81 93
81 49
81 95
81 25
81 29
81 14
81 81
81 15
81 74
81 91
81 60
81 70
81 11
81 16
81 61
81 21
81 15
81 65
81 82
81 84
81 46
81 38
81 7
81 35
81 98
81 76
81 37
81 59
81 1
81 86
81 92
81 35
81 29
81 88
81 1
81 17
81 87
81 74
81 42
81 29
81 2
81 50
81 57
81 67
81 49
81 68
81 12
81 28
81 94
81 24
81 58
81 59
81 7
81 51
81 26
81 5
81 56
81 6
81 26
81 64
81 40
81 90
81 46
81 51
81 78
81 1
81 62
81 34
81 54
81 90
81 13
81 16
81 18
81 5
82 89
82 55
82 71
82 41
82 35
82 52
82 45
82 52
82 48
82 57
82 80
82 17
83 8
83 56
83 59
83 80
83 82
83 51
83 73
83 93
83 10
84 90
84 94
84 10
84 39
84 91
84 91
84 24
84 51
84 9
84 36
84 67
84 63
84 72
84 98
84 54
84 52
84 66
84 75
84 56
84 51
84 35
84 0
84 37
84 65
84 48
84 40
84 10
84 28
84 49
84 64
84 67
84 73
84 61
84 89
84 66
84 73
84 87
84 47
84 45
84 77
84 1
84 5
84 33
84 53
84 99
84 80
84 45
84 93
84 18
84 67
84 18
84 94
84 62
84 97
84 16
84 83
84 83
84 61
84 61
84 13
84 39
84 36
84 2
84 8
84 26
84 1
84 63
84 1
84 54
84 57
84 38
84 89
84 52
84 60
84 51
84 68
84 97
84 43
84 4
84 29
84 26
84 76
84 5
84 40
84 40
84 64
84 1
84 7
84 87
84 38
84 47
84 7
84 9
84 65
84 45
84 80
84 77
85 53
85 20
85 4
85 98
85 23
85 3
85 28
85 65
85 62
85 67
85 98
85 26
85 88
85 66
85 16
85 0
85 8
85 0
85 71
85 4
85 81
85 93
85 75
85 22
85 61
85 40
85 63
85 38
85 50
85 86
85 57
85 21
85 43
85 50
85 0
85 26
85 88
85 6
85 83
85 69
85 44
85 42
85 53
85 68
85 46
85 84
85 35
85 50
85 51
85 84
85 48
85 37
85 53
85 59
85 80
85 80
85 82
85 59
86 2
86 83
86 53
86 49
86 24
86 86
86 3
86 19
86 58
86 39
86 56
86 41
86 99
86 32
86 81
86 11
86 63
86 32
86 73
86 57
86 53
86 61
86 67
86 78
86 28
86 6
86 18
86 31
86 9
86 23
86 79
86 80
86 5
86 78
86 94
86 15
86 83
86 93
86 63
86 69
86 50
86 41
86 49
86 25
86 61
86 65
86 61
86 60
86 11
86 90
86 98
86 97
86 26
86 53
86 63
86 30
86 25
86 55
86 2
86 64
86 30
86 1
86 92
86 50
86 8
86 55
87 42
87 42
87 80
87 93
87 32
87 86
87 49
87 36
87 63
87 91
87 93
87 57
87 20
87 28
87 2
87 63
87 62
87 67
87 52
87 97
87 56
87 13
87 71
87 26
87 5
87 14
87 74
87 86
87 15
87 89
87 43
87 8
87 56
87 91
87 62
87 48
88 60
88 32
88 76
88 2
88 52
88 43
88 81
88 28
88 87
88 99
88 90
88 41
88 23
88 40
88 70
88 73
88 76
88 41
88 77
88 18
88 68
88 19
88 55
88 63
88 11
88 48
88 63
88 99
88 64
88 52
88 89
88 85
88 0
88 1
88 99
88 1
88 29
88 5
88 75
88 71
88 30
88 66
88 67
88 33
88 54
88 35
88 64
88 5
88 43
88 60
88 35
88 12
88 21
88 67
88 98
88 86
88 37
88 93
88 48
88 84
88 98
88 40
88 48
88 5
88 86
88 58
88 82
88 8
88 5
88 27
88 12
88 21
88 79
88 51
88 32
88 99
88 62
88 16
88 72
88 90
88 30
88 90
88 10
88 50
88 28
88 14
88 89
88 20
88 48
89 60
89 67
89 87
89 58
89 51
89 43
89 3
89 15
89 1
89 5
89 11
89 43
89 7
89 31
89 29
89 58
89 19
89 85
89 63
89 63
89 52
89 78
89 72
89 63
89 64
89 78
89 19
89 93
89 14
89 94
89 18
89 4
89 69
89 80
89 2
90 88
90 52
90 16
90 87
90 14
90 20
90 95
90 82
90 54
90 52
90 6
90 67
90 77
90 83
90 22
90 19
90 7
90 80
90 60
90 41
90 35
90 30
90 37
90 10
90 92
90 4
90 89
90 57
90 2
90 0
90 58
90 46
90 50
90 31
90 96
90 25
90 25
90 40
90 95
90 89
90 37
90 73
90 22
90 22
90 65
90 60
90 12
90 94
90 78
90 98
90 40
90 19
90 84
90 70
90 83
90 79
90 30
90 50
90 79
90 42
90 81
91 48
91 60
91 15
91 8
91 20
91 25
91 57
91 35
91 31
91 99
91 48
91 60
91 87
91 1
91 68
91 32
91 18
91 94
91 76
91 19
91 67
91 25
91 13
91 90
91 64
91 32
91 56
91 24
91 81
91 36
91 26
91 94
91 6
91 13
91 44
91 95
91 62
91 47
91 95
91 58
91 96
91 48
91 17
91 77
91 52
91 90
91 20
91 84
91 56
91 37
91 11
91 0
91 90
91 3
91 31
91 53
91 87
91 67
91 52
91 53
92 7
92 97
92 30
92 15
92 62
92 68
92 46
92 7
92 2
92 57
92 75
92 51
92 2
92 28
92 19
92 13
92 0
92 57
92 65
92 11
92 33
92 28
92 80
92 34
92 49
92 9
92 93
92 1
92 40
92 96
92 29
92 98
92 76
92 5
92 31
92 75
92 61
92 10
92 59
92 29
92 83
92 89
92 3
92 26
92 18
92 71
92 31
92 95
92 35
92 26
93 92
93 74
93 27
93 25
93 5
93 87
93 31
93 57
93 63
93 64
93 42
93 51
93 61
93 14
93 45
93 58
93 23
93 75
93 36
94 23
94 65
94 75
94 12
94 74
94 83
94 41
94 3
94 71
94 30
94 83
94 29
94 5
94 28
94 85
94 40
94 75
94 81
94 35
94 93
94 28
94 47
94 79
94 97
94 97
94 14
94 21
94 51
94 87
94 29
94 23
94 74
94 42
94 14
94 15
94 40
94 28
94 60
94 9
94 59
94 68
95 74
95 58
95 58
95 58
95 92
95 88
95 11
95 51
95 43
95 26
95 97
95 20
95 56
96 44
96 90
96 56
96 76
96 8
96 94
96 27
96 0
96 3
96 8
96 53
96 15
96 47
96 78
96 10
96 69
96 88
96 32
96 93
96 98
96 3
96 46
96 44
96 48
96 98
96 76
96 99
96 28
96 34
96 0
96 12
96 72
96 55
96 83
96 69
96 53
96 42
96 39
96 58
96 40
96 2
96 38
96 98
96 57
96 94
96 91
96 73
96 81
96 43
96 16
96 99
96 61
96 91
96 90
96 60
96 43
96 31
96 1
96 56
96 0
96 31
96 92
96 61
96 23
96 2
96 20
97 28
97 42
97 44
97 34
97 76
97 70
97 67
97 63
97 62
97 74
97 65
97 21
97 98
97 31
97 7
97 14
97 37
97 26
97 60
97 98
97 86
97 36
97 0
97 57
97 13
97 63
97 64
97 96
97 35
97 64
97 78
97 28
97 91
97 88
97 42
97 97
97 34
97 85
97 74
97 81
97 81
97 55
97 89
97 34
97 23
97 33
97 32
97 13
97 58
97 12
97 63
97 29
97 4
97 65
97 3
97 29
97 73
97 80
97 12
97 73
97 88
97 45
97 40
97 90
97 13
97 4
97 5
97 3
97 82
97 15
97 40
97 46
98 96
98 71
98 16
98 79
98 48
98 18
98 75
98 37
98 33
98 68
98 92
98 92
98 81
98 32
98 80
98 39
98 40
98 42
98 72
98 37
98 34
98 59
98 21
98 88
98 29
98 90
98 38
98 91
98 3
98 51
98 73
98 79
98 7
98 43
98 34
98 14
98 67
98 68
98 38
98 93
98 57
98 46
98 43
98 2
98 12
98 86
98 85
98 81
98 72
98 28
98 87
98 5
98 59
98 3
98 62
98 11
98 44
98 11
98 31
98 64
98 96
98 32
98 91
98 66
98 84
98 46
98 83
98 59
98 32
98 34
98 71
98 35
98 64
99 78
99 39
99 64
99 18
99 21
99 98
99 72
99 13
99 90
99 45
99 73
99 37
99 44
99 89
99 91
99 89
99 49
99 98
99 67
99 2
99 91
99 82
99 25
99 65
99 90
99 88
99 74
99 56
99 66
99 86
99 91
99 64
99 8
99 10
99 74
99 65
99 4
99 75
99 57
99 12
99 60
99 58
99 10
99 17
99 35
99 13
99 90
99 99
99 82
99 66
99 89
99 89
99 10
99 86
99 66
99 59
99 70
99 98
99 4
99 55
99 29
99 61
99 40
99 93
99 9
99 51
99 89
99 94
99 3
99 11
99 39
99 44
99 80
99 48
99 70
99 23
99 85
99 68
